# dimension
2
# norbitals
8 8
# bravaislattice
 2.16506000     1.25000000     0.00000000
 2.16506000    -1.25000000     0.00000000
# motif
 0.00000000     0.00000000     0.00000000
 1.44337600     0.00000000     0.00000000
# bravaisvectors
-6.49518000    -3.75000000     0.00000000
-4.33012000    -5.00000000     0.00000000
-2.16506000    -6.25000000     0.00000000
-6.49518000    -1.25000000     0.00000000
-4.33012000    -2.50000000     0.00000000
-2.16506000    -3.75000000     0.00000000
 0.00000000    -5.00000000     0.00000000
 2.16506000    -6.25000000     0.00000000
-6.49518000     1.25000000     0.00000000
-4.33012000     0.00000000     0.00000000
-2.16506000    -1.25000000     0.00000000
 0.00000000    -2.50000000     0.00000000
 2.16506000    -3.75000000     0.00000000
 4.33012000    -5.00000000     0.00000000
-6.49518000     3.75000000     0.00000000
-4.33012000     2.50000000     0.00000000
-2.16506000     1.25000000     0.00000000
 0.00000000     0.00000000     0.00000000
 2.16506000    -1.25000000     0.00000000
 4.33012000    -2.50000000     0.00000000
 6.49518000    -3.75000000     0.00000000
-4.33012000     5.00000000     0.00000000
-2.16506000     3.75000000     0.00000000
 0.00000000     2.50000000     0.00000000
 2.16506000     1.25000000     0.00000000
 4.33012000     0.00000000     0.00000000
 6.49518000    -1.25000000     0.00000000
-2.16506000     6.25000000     0.00000000
 0.00000000     5.00000000     0.00000000
 2.16506000     3.75000000     0.00000000
 4.33012000     2.50000000     0.00000000
 6.49518000     1.25000000     0.00000000
 2.16506000     6.25000000     0.00000000
 4.33012000     5.00000000     0.00000000
 6.49518000     3.75000000     0.00000000
# hamiltonian
 0.000000  0.000000j     0.000000  0.000000j     0.000000  0.000000j     0.000000  0.000000j    -0.000272  0.000000j    -0.000544  0.000000j    -0.000544  0.000000j     0.000000  0.000000j    
 0.000000  0.000000j     0.000000  0.000000j     0.000000  0.000000j     0.000000  0.000000j     0.000544  0.000000j     0.001633  0.000000j     0.001088  0.000000j    -0.000000  0.000000j    
 0.000000  0.000000j     0.000000  0.000000j     0.000000  0.000000j     0.000000  0.000000j     0.000272  0.000000j     0.001088  0.000000j     0.000816  0.000000j    -0.000000  0.000000j    
 0.000000  0.000000j     0.000000  0.000000j     0.000000  0.000000j     0.000000  0.000000j     0.000000  0.000000j     0.000000  0.000000j     0.000000  0.000000j    -0.000000  0.000000j    
 0.000000  0.000000j     0.000000  0.000000j     0.000000  0.000000j     0.000000  0.000000j     0.000000  0.000000j     0.000000  0.000000j     0.000000  0.000000j     0.000000  0.000000j    
 0.000000  0.000000j     0.000000  0.000000j     0.000000  0.000000j     0.000000  0.000000j     0.000000  0.000000j     0.000000  0.000000j     0.000000  0.000000j     0.000000  0.000000j    
 0.000000  0.000000j     0.000000  0.000000j     0.000000  0.000000j     0.000000  0.000000j     0.000000  0.000000j     0.000000  0.000000j     0.000000  0.000000j     0.000000  0.000000j    
 0.000000  0.000000j     0.000000  0.000000j     0.000000  0.000000j     0.000000  0.000000j     0.000000  0.000000j     0.000000  0.000000j     0.000000  0.000000j     0.000000  0.000000j    
&
-0.000816  0.000000j    -0.001633  0.000000j    -0.001905  0.000000j     0.000000  0.000000j    -0.001361  0.000000j    -0.002721  0.000000j    -0.004626  0.000000j     0.000000  0.000000j    
 0.001633  0.000000j     0.003265  0.000000j     0.004354  0.000000j    -0.000000  0.000000j     0.002449  0.000000j     0.003537  0.000000j     0.007619  0.000000j    -0.000000  0.000000j    
 0.001905  0.000000j     0.004082  0.000000j     0.004626  0.000000j    -0.000000  0.000000j     0.004082  0.000000j     0.007619  0.000000j     0.012245  0.000000j    -0.000000  0.000000j    
 0.000000  0.000000j     0.000000  0.000000j     0.000000  0.000000j    -0.000272  0.000000j     0.000000  0.000000j     0.000000  0.000000j     0.000000  0.000000j    -0.000816  0.000000j    
 0.000000  0.000000j     0.000000  0.000000j     0.000000  0.000000j     0.000000  0.000000j     0.000000  0.000000j     0.000000  0.000000j     0.000000  0.000000j     0.000000  0.000000j    
 0.000000  0.000000j     0.000000  0.000000j     0.000000  0.000000j     0.000000  0.000000j     0.000000  0.000000j     0.000000  0.000000j     0.000000  0.000000j     0.000000  0.000000j    
 0.000000  0.000000j     0.000000  0.000000j     0.000000  0.000000j     0.000000  0.000000j     0.000000  0.000000j     0.000000  0.000000j     0.000000  0.000000j     0.000000  0.000000j    
 0.000000  0.000000j     0.000000  0.000000j     0.000000  0.000000j     0.000000  0.000000j     0.000000  0.000000j     0.000000  0.000000j     0.000000  0.000000j     0.000000  0.000000j    
&
-0.000816  0.000000j    -0.000816  0.000000j    -0.002449  0.000000j     0.000000  0.000000j    -0.000272  0.000000j    -0.000000  0.000000j    -0.000816  0.000000j     0.000000  0.000000j    
 0.000816  0.000000j     0.000544  0.000000j     0.002449  0.000000j    -0.000000  0.000000j     0.000000  0.000000j    -0.000000  0.000000j     0.000272  0.000000j    -0.000000  0.000000j    
 0.002449  0.000000j     0.002721  0.000000j     0.007347  0.000000j    -0.000000  0.000000j     0.000544  0.000000j     0.000272  0.000000j     0.002449  0.000000j    -0.000000  0.000000j    
 0.000000  0.000000j     0.000000  0.000000j     0.000000  0.000000j    -0.000272  0.000000j     0.000000  0.000000j     0.000000  0.000000j     0.000000  0.000000j    -0.000000  0.000000j    
 0.000000  0.000000j     0.000000  0.000000j     0.000000  0.000000j     0.000000  0.000000j     0.000000  0.000000j     0.000000  0.000000j     0.000000  0.000000j     0.000000  0.000000j    
 0.000000  0.000000j     0.000000  0.000000j     0.000000  0.000000j     0.000000  0.000000j     0.000000  0.000000j     0.000000  0.000000j     0.000000  0.000000j     0.000000  0.000000j    
 0.000000  0.000000j     0.000000  0.000000j     0.000000  0.000000j     0.000000  0.000000j     0.000000  0.000000j     0.000000  0.000000j     0.000000  0.000000j     0.000000  0.000000j    
 0.000000  0.000000j     0.000000  0.000000j     0.000000  0.000000j     0.000000  0.000000j     0.000000  0.000000j     0.000000  0.000000j     0.000000  0.000000j     0.000000  0.000000j    
&
-0.000816  0.000000j    -0.002449  0.000000j    -0.000544  0.000000j    -0.000000  0.000000j    -0.009796  0.000000j    -0.029116  0.000000j    -0.008163  0.000000j    -0.000000  0.000000j    
 0.002449  0.000000j     0.007891  0.000000j     0.001633  0.000000j     0.000000  0.000000j     0.028844  0.000000j     0.082723  0.000000j     0.024218  0.000000j     0.000000  0.000000j    
 0.000544  0.000000j     0.001361  0.000000j     0.000000  0.000000j     0.000000  0.000000j     0.006531  0.000000j     0.019320  0.000000j    -0.000272  0.000000j     0.000000  0.000000j    
-0.000000  0.000000j    -0.000000  0.000000j    -0.000000  0.000000j    -0.000272  0.000000j    -0.000000  0.000000j    -0.000000  0.000000j    -0.000000  0.000000j    -0.005170  0.000000j    
 0.000000  0.000000j     0.000000  0.000000j     0.000000  0.000000j     0.000000  0.000000j     0.000000  0.000000j     0.000000  0.000000j     0.000000  0.000000j     0.000000  0.000000j    
 0.000000  0.000000j     0.000000  0.000000j     0.000000  0.000000j     0.000000  0.000000j     0.000000  0.000000j     0.000000  0.000000j     0.000000  0.000000j     0.000000  0.000000j    
 0.000000  0.000000j     0.000000  0.000000j     0.000000  0.000000j     0.000000  0.000000j     0.000000  0.000000j     0.000000  0.000000j     0.000000  0.000000j     0.000000  0.000000j    
 0.000000  0.000000j     0.000000  0.000000j     0.000000  0.000000j     0.000000  0.000000j     0.000000  0.000000j     0.000000  0.000000j     0.000000  0.000000j     0.000000  0.000000j    
&
-0.072382  0.000000j    -0.156466  0.000000j    -0.093607  0.000000j    -0.000000  0.000000j    -0.295516  0.000000j    -0.441913  0.000000j    -0.376334  0.000000j    -0.000000  0.000000j    
 0.159187  0.000000j     0.314836  0.000000j     0.215242  0.000000j     0.000000  0.000000j     0.536065  0.000000j     0.609263  0.000000j     0.676748  0.000000j    -0.000000  0.000000j    
 0.088709  0.000000j     0.200004  0.000000j     0.075103  0.000000j     0.000000  0.000000j     0.472118  0.000000j     0.697700  0.000000j     0.434022  0.000000j     0.000000  0.000000j    
-0.000000  0.000000j    -0.000000  0.000000j    -0.000000  0.000000j    -0.033470  0.000000j    -0.000000  0.000000j    -0.000000  0.000000j     0.000000  0.000000j    -0.136057  0.000000j    
-0.000272  0.000000j    -0.000544  0.000000j    -0.000272  0.000000j     0.000000  0.000000j    -0.002721  0.000000j    -0.007891  0.000000j    -0.004626  0.000000j     0.000000  0.000000j    
 0.000544  0.000000j     0.001905  0.000000j     0.000816  0.000000j    -0.000000  0.000000j     0.008163  0.000000j     0.023402  0.000000j     0.014694  0.000000j    -0.000000  0.000000j    
 0.000272  0.000000j     0.000816  0.000000j     0.000272  0.000000j    -0.000000  0.000000j     0.004626  0.000000j     0.014422  0.000000j     0.006803  0.000000j    -0.000000  0.000000j    
 0.000000  0.000000j     0.000000  0.000000j     0.000000  0.000000j    -0.000000  0.000000j     0.000000  0.000000j     0.000000  0.000000j     0.000000  0.000000j    -0.001905  0.000000j    
&
-0.293883  0.000000j    -0.334700  0.000000j    -0.579603  0.000000j    -0.000000  0.000000j    -0.295516  0.000000j    -0.105036  0.000000j    -0.570895  0.000000j    -0.000000  0.000000j    
 0.314836  0.000000j     0.199460  0.000000j     0.637835  0.000000j     0.000000  0.000000j     0.140683  0.000000j    -0.117281  0.000000j     0.278101  0.000000j     0.000000  0.000000j    
 0.545316  0.000000j     0.637835  0.000000j     0.935800  0.000000j     0.000000  0.000000j     0.700149  0.000000j     0.257420  0.000000j     1.160838  0.000000j    -0.000000  0.000000j    
-0.000000  0.000000j    -0.000000  0.000000j    -0.000000  0.000000j    -0.120274  0.000000j    -0.000000  0.000000j     0.000000  0.000000j    -0.000000  0.000000j    -0.136057  0.000000j    
-0.009796  0.000000j    -0.019864  0.000000j    -0.021769  0.000000j     0.000000  0.000000j    -0.018504  0.000000j    -0.028028  0.000000j    -0.048708  0.000000j     0.000000  0.000000j    
 0.021497  0.000000j     0.039457  0.000000j     0.049253  0.000000j    -0.000000  0.000000j     0.026123  0.000000j     0.025034  0.000000j     0.072110  0.000000j     0.000000  0.000000j    
 0.021225  0.000000j     0.044355  0.000000j     0.042994  0.000000j     0.000000  0.000000j     0.045171  0.000000j     0.072110  0.000000j     0.108301  0.000000j    -0.000000  0.000000j    
 0.000000  0.000000j     0.000000  0.000000j     0.000000  0.000000j    -0.005170  0.000000j     0.000000  0.000000j     0.000000  0.000000j     0.000000  0.000000j    -0.012517  0.000000j    
&
-0.072382  0.000000j    -0.002721  0.000000j    -0.182316  0.000000j    -0.000000  0.000000j    -0.009796  0.000000j     0.007619  0.000000j    -0.029388  0.000000j    -0.000000  0.000000j    
-0.002721  0.000000j    -0.044627  0.000000j    -0.007619  0.000000j     0.000000  0.000000j    -0.008708  0.000000j     0.001633  0.000000j    -0.027484  0.000000j    -0.000000  0.000000j    
 0.182316  0.000000j     0.007619  0.000000j     0.434838  0.000000j     0.000000  0.000000j     0.028028  0.000000j    -0.022585  0.000000j     0.080818  0.000000j     0.000000  0.000000j    
-0.000000  0.000000j     0.000000  0.000000j    -0.000000  0.000000j    -0.033470  0.000000j    -0.000000  0.000000j     0.000000  0.000000j    -0.000000  0.000000j    -0.005170  0.000000j    
-0.009796  0.000000j    -0.008708  0.000000j    -0.028028  0.000000j     0.000000  0.000000j    -0.002721  0.000000j    -0.000000  0.000000j    -0.009252  0.000000j     0.000000  0.000000j    
 0.007619  0.000000j     0.001633  0.000000j     0.022585  0.000000j     0.000000  0.000000j    -0.000000  0.000000j    -0.001633  0.000000j    -0.000272  0.000000j     0.000000  0.000000j    
 0.029388  0.000000j     0.027484  0.000000j     0.080818  0.000000j    -0.000000  0.000000j     0.009252  0.000000j     0.000272  0.000000j     0.031837  0.000000j    -0.000000  0.000000j    
 0.000000  0.000000j     0.000000  0.000000j     0.000000  0.000000j    -0.005170  0.000000j     0.000000  0.000000j     0.000000  0.000000j     0.000000  0.000000j    -0.001905  0.000000j    
&
-0.000816  0.000000j     0.000816  0.000000j    -0.002449  0.000000j    -0.000000  0.000000j     0.000000  0.000000j     0.000000  0.000000j     0.000000  0.000000j     0.000000  0.000000j    
-0.000816  0.000000j     0.000544  0.000000j    -0.002721  0.000000j    -0.000000  0.000000j     0.000000  0.000000j     0.000000  0.000000j     0.000000  0.000000j     0.000000  0.000000j    
 0.002449  0.000000j    -0.002449  0.000000j     0.007347  0.000000j     0.000000  0.000000j     0.000000  0.000000j     0.000000  0.000000j     0.000000  0.000000j     0.000000  0.000000j    
-0.000000  0.000000j     0.000000  0.000000j    -0.000000  0.000000j    -0.000272  0.000000j     0.000000  0.000000j     0.000000  0.000000j     0.000000  0.000000j     0.000000  0.000000j    
-0.000272  0.000000j     0.000000  0.000000j    -0.000544  0.000000j    -0.000000  0.000000j     0.000000  0.000000j     0.000000  0.000000j     0.000000  0.000000j     0.000000  0.000000j    
-0.000000  0.000000j    -0.000000  0.000000j    -0.000272  0.000000j     0.000000  0.000000j     0.000000  0.000000j     0.000000  0.000000j     0.000000  0.000000j     0.000000  0.000000j    
 0.000816  0.000000j    -0.000272  0.000000j     0.002449  0.000000j     0.000000  0.000000j     0.000000  0.000000j     0.000000  0.000000j     0.000000  0.000000j     0.000000  0.000000j    
-0.000000  0.000000j     0.000000  0.000000j    -0.000000  0.000000j    -0.000000  0.000000j     0.000000  0.000000j     0.000000  0.000000j     0.000000  0.000000j     0.000000  0.000000j    
&
-0.000816  0.000000j    -0.002449  0.000000j     0.000544  0.000000j     0.000000  0.000000j    -0.009796  0.000000j    -0.029116  0.000000j     0.008163  0.000000j     0.000000  0.000000j    
 0.002449  0.000000j     0.007891  0.000000j    -0.001633  0.000000j    -0.000000  0.000000j     0.028844  0.000000j     0.082723  0.000000j    -0.024218  0.000000j    -0.000000  0.000000j    
-0.000544  0.000000j    -0.001361  0.000000j     0.000000  0.000000j     0.000000  0.000000j    -0.006531  0.000000j    -0.019320  0.000000j    -0.000272  0.000000j     0.000000  0.000000j    
 0.000000  0.000000j     0.000000  0.000000j    -0.000000  0.000000j    -0.000272  0.000000j     0.000000  0.000000j     0.000000  0.000000j    -0.000000  0.000000j    -0.005170  0.000000j    
 0.000000  0.000000j     0.000000  0.000000j     0.000000  0.000000j     0.000000  0.000000j     0.000000  0.000000j     0.000000  0.000000j     0.000000  0.000000j     0.000000  0.000000j    
 0.000000  0.000000j     0.000000  0.000000j     0.000000  0.000000j     0.000000  0.000000j     0.000000  0.000000j     0.000000  0.000000j     0.000000  0.000000j     0.000000  0.000000j    
 0.000000  0.000000j     0.000000  0.000000j     0.000000  0.000000j     0.000000  0.000000j     0.000000  0.000000j     0.000000  0.000000j     0.000000  0.000000j     0.000000  0.000000j    
 0.000000  0.000000j     0.000000  0.000000j     0.000000  0.000000j     0.000000  0.000000j     0.000000  0.000000j     0.000000  0.000000j     0.000000  0.000000j     0.000000  0.000000j    
&
-0.293883  0.000000j    -0.629672  0.000000j     0.000000  0.000000j    -0.000000  0.000000j    -1.614180  0.000000j    -2.163851  0.000000j     0.000000  0.000000j     0.000000  0.000000j    
 0.669400  0.000000j     1.303970  0.000000j    -0.000000  0.000000j     0.000000  0.000000j     3.204142  0.000000j     3.214483  0.000000j    -0.000000  0.000000j    -0.000000  0.000000j    
 0.000000  0.000000j     0.000000  0.000000j    -0.168711  0.000000j     0.000000  0.000000j     0.000000  0.000000j    -0.000000  0.000000j    -1.002196  0.000000j    -0.000000  0.000000j    
-0.000000  0.000000j    -0.000000  0.000000j     0.000000  0.000000j    -0.120274  0.000000j     0.000000  0.000000j    -0.000000  0.000000j    -0.000000  0.000000j    -0.643550  0.000000j    
-0.001361  0.000000j    -0.004626  0.000000j    -0.000000  0.000000j    -0.000000  0.000000j    -0.018504  0.000000j    -0.052246  0.000000j    -0.000000  0.000000j    -0.000000  0.000000j    
 0.005442  0.000000j     0.016871  0.000000j     0.000000  0.000000j     0.000000  0.000000j     0.056055  0.000000j     0.149935  0.000000j     0.000000  0.000000j     0.000000  0.000000j    
-0.000000  0.000000j    -0.000000  0.000000j    -0.000816  0.000000j    -0.000000  0.000000j    -0.000000  0.000000j    -0.000000  0.000000j    -0.016599  0.000000j    -0.000000  0.000000j    
-0.000000  0.000000j    -0.000000  0.000000j    -0.000000  0.000000j    -0.000816  0.000000j    -0.000000  0.000000j     0.000000  0.000000j    -0.000000  0.000000j    -0.012517  0.000000j    
&
-4.416138  0.000000j    -5.392211  0.000000j    -2.765222  0.000000j     0.000000  0.000000j    -10.919935  0.000000j    -3.807419  0.000000j    -6.595499  0.000000j     0.000000  0.000000j    
 5.090709  0.000000j     3.761432  0.000000j     3.389180  0.000000j     0.000000  0.000000j     6.609377  0.000000j    -3.591361  0.000000j     4.495051  0.000000j    -0.000000  0.000000j    
 3.287137  0.000000j     4.397362  0.000000j    -0.734436  0.000000j    -0.000000  0.000000j     11.446203  0.000000j     4.493418  0.000000j     1.596493  0.000000j    -0.000000  0.000000j    
 0.000000  0.000000j     0.000000  0.000000j    -0.000000  0.000000j    -1.661528  0.000000j     0.000000  0.000000j     0.000000  0.000000j     0.000000  0.000000j    -4.690973  0.000000j    
-0.295516  0.000000j    -0.676748  0.000000j    -0.228304  0.000000j    -0.000000  0.000000j    -1.548873  0.000000j    -2.303173  0.000000j    -1.317576  0.000000j     0.000000  0.000000j    
 0.546949  0.000000j     1.072946  0.000000j     0.408987  0.000000j    -0.000000  0.000000j     2.292560  0.000000j     2.173375  0.000000j     1.750509  0.000000j    -0.000000  0.000000j    
 0.194562  0.000000j     0.429940  0.000000j    -0.029660  0.000000j    -0.000000  0.000000j     1.335808  0.000000j     1.728740  0.000000j     0.164629  0.000000j    -0.000000  0.000000j    
-0.000000  0.000000j    -0.000000  0.000000j    -0.000000  0.000000j    -0.136057  0.000000j     0.000000  0.000000j    -0.000000  0.000000j     0.000000  0.000000j    -0.717293  0.000000j    
&
-4.415866  0.000000j     0.301774  0.000000j    -6.052087  0.000000j    -0.000000  0.000000j    -1.614180  0.000000j     1.081653  0.000000j    -1.874049  0.000000j     0.000000  0.000000j    
 0.301774  0.000000j    -2.982369  0.000000j     0.504771  0.000000j    -0.000000  0.000000j    -1.602207  0.000000j     0.051974  0.000000j    -1.825885  0.000000j     0.000000  0.000000j    
 6.052087  0.000000j    -0.504771  0.000000j     6.008549  0.000000j     0.000000  0.000000j     2.775019  0.000000j    -1.825613  0.000000j     2.160313  0.000000j    -0.000000  0.000000j    
-0.000000  0.000000j    -0.000000  0.000000j    -0.000000  0.000000j    -1.661528  0.000000j     0.000000  0.000000j     0.000000  0.000000j    -0.000000  0.000000j    -0.643550  0.000000j    
-1.614180  0.000000j    -1.602207  0.000000j    -2.775019  0.000000j    -0.000000  0.000000j    -1.548873  0.000000j     0.010340  0.000000j    -2.653656  0.000000j     0.000000  0.000000j    
 1.081653  0.000000j     0.051974  0.000000j     1.825613  0.000000j     0.000000  0.000000j     0.010340  0.000000j    -0.839472  0.000000j    -0.010885  0.000000j     0.000000  0.000000j    
 1.874049  0.000000j     1.825885  0.000000j     2.160313  0.000000j     0.000000  0.000000j     2.653656  0.000000j     0.010885  0.000000j     3.178564  0.000000j    -0.000000  0.000000j    
-0.000000  0.000000j    -0.000000  0.000000j    -0.000000  0.000000j    -0.643550  0.000000j     0.000000  0.000000j     0.000000  0.000000j    -0.000000  0.000000j    -0.717565  0.000000j    
&
-0.293883  0.000000j     0.314836  0.000000j    -0.545316  0.000000j     0.000000  0.000000j    -0.009796  0.000000j     0.021497  0.000000j    -0.021225  0.000000j     0.000000  0.000000j    
-0.334700  0.000000j     0.199460  0.000000j    -0.637835  0.000000j     0.000000  0.000000j    -0.019864  0.000000j     0.039457  0.000000j    -0.044355  0.000000j     0.000000  0.000000j    
 0.579603  0.000000j    -0.637835  0.000000j     0.935800  0.000000j    -0.000000  0.000000j     0.021769  0.000000j    -0.049253  0.000000j     0.042994  0.000000j    -0.000000  0.000000j    
-0.000000  0.000000j     0.000000  0.000000j    -0.000000  0.000000j    -0.120274  0.000000j     0.000000  0.000000j    -0.000000  0.000000j     0.000000  0.000000j    -0.005170  0.000000j    
-0.295516  0.000000j     0.140683  0.000000j    -0.700149  0.000000j    -0.000000  0.000000j    -0.018504  0.000000j     0.026123  0.000000j    -0.045171  0.000000j    -0.000000  0.000000j    
-0.105036  0.000000j    -0.117281  0.000000j    -0.257420  0.000000j    -0.000000  0.000000j    -0.028028  0.000000j     0.025034  0.000000j    -0.072110  0.000000j    -0.000000  0.000000j    
 0.570895  0.000000j    -0.278101  0.000000j     1.160838  0.000000j    -0.000000  0.000000j     0.048708  0.000000j    -0.072110  0.000000j     0.108301  0.000000j     0.000000  0.000000j    
-0.000000  0.000000j     0.000000  0.000000j    -0.000000  0.000000j    -0.136057  0.000000j    -0.000000  0.000000j    -0.000000  0.000000j    -0.000000  0.000000j    -0.012517  0.000000j    
&
-0.000816  0.000000j     0.001633  0.000000j    -0.001905  0.000000j     0.000000  0.000000j     0.000000  0.000000j     0.000000  0.000000j     0.000000  0.000000j     0.000000  0.000000j    
-0.001633  0.000000j     0.003265  0.000000j    -0.004082  0.000000j     0.000000  0.000000j     0.000000  0.000000j     0.000000  0.000000j     0.000000  0.000000j     0.000000  0.000000j    
 0.001905  0.000000j    -0.004354  0.000000j     0.004626  0.000000j    -0.000000  0.000000j     0.000000  0.000000j     0.000000  0.000000j     0.000000  0.000000j     0.000000  0.000000j    
 0.000000  0.000000j    -0.000000  0.000000j     0.000000  0.000000j    -0.000272  0.000000j     0.000000  0.000000j     0.000000  0.000000j     0.000000  0.000000j     0.000000  0.000000j    
-0.001361  0.000000j     0.002449  0.000000j    -0.004082  0.000000j    -0.000000  0.000000j     0.000000  0.000000j     0.000000  0.000000j     0.000000  0.000000j     0.000000  0.000000j    
-0.002721  0.000000j     0.003537  0.000000j    -0.007619  0.000000j    -0.000000  0.000000j     0.000000  0.000000j     0.000000  0.000000j     0.000000  0.000000j     0.000000  0.000000j    
 0.004626  0.000000j    -0.007619  0.000000j     0.012245  0.000000j     0.000000  0.000000j     0.000000  0.000000j     0.000000  0.000000j     0.000000  0.000000j     0.000000  0.000000j    
-0.000000  0.000000j     0.000000  0.000000j    -0.000000  0.000000j    -0.000816  0.000000j     0.000000  0.000000j     0.000000  0.000000j     0.000000  0.000000j     0.000000  0.000000j    
&
 0.000000  0.000000j     0.000000  0.000000j     0.000000  0.000000j     0.000000  0.000000j    -0.000272  0.000000j    -0.000544  0.000000j     0.000544  0.000000j    -0.000000  0.000000j    
 0.000000  0.000000j     0.000000  0.000000j     0.000000  0.000000j     0.000000  0.000000j     0.000544  0.000000j     0.001633  0.000000j    -0.001088  0.000000j     0.000000  0.000000j    
 0.000000  0.000000j     0.000000  0.000000j     0.000000  0.000000j     0.000000  0.000000j    -0.000272  0.000000j    -0.001088  0.000000j     0.000816  0.000000j    -0.000000  0.000000j    
 0.000000  0.000000j     0.000000  0.000000j     0.000000  0.000000j     0.000000  0.000000j    -0.000000  0.000000j    -0.000000  0.000000j     0.000000  0.000000j    -0.000000  0.000000j    
 0.000000  0.000000j     0.000000  0.000000j     0.000000  0.000000j     0.000000  0.000000j     0.000000  0.000000j     0.000000  0.000000j     0.000000  0.000000j     0.000000  0.000000j    
 0.000000  0.000000j     0.000000  0.000000j     0.000000  0.000000j     0.000000  0.000000j     0.000000  0.000000j     0.000000  0.000000j     0.000000  0.000000j     0.000000  0.000000j    
 0.000000  0.000000j     0.000000  0.000000j     0.000000  0.000000j     0.000000  0.000000j     0.000000  0.000000j     0.000000  0.000000j     0.000000  0.000000j     0.000000  0.000000j    
 0.000000  0.000000j     0.000000  0.000000j     0.000000  0.000000j     0.000000  0.000000j     0.000000  0.000000j     0.000000  0.000000j     0.000000  0.000000j     0.000000  0.000000j    
&
-0.072382  0.000000j    -0.156466  0.000000j     0.093607  0.000000j    -0.000000  0.000000j    -0.295516  0.000000j    -0.441913  0.000000j     0.376334  0.000000j    -0.000000  0.000000j    
 0.159187  0.000000j     0.314836  0.000000j    -0.215242  0.000000j     0.000000  0.000000j     0.536065  0.000000j     0.609263  0.000000j    -0.676748  0.000000j     0.000000  0.000000j    
-0.088709  0.000000j    -0.200004  0.000000j     0.075103  0.000000j    -0.000000  0.000000j    -0.472118  0.000000j    -0.697700  0.000000j     0.434022  0.000000j    -0.000000  0.000000j    
-0.000000  0.000000j    -0.000000  0.000000j    -0.000000  0.000000j    -0.033470  0.000000j    -0.000000  0.000000j     0.000000  0.000000j     0.000000  0.000000j    -0.136057  0.000000j    
-0.000272  0.000000j    -0.000544  0.000000j     0.000272  0.000000j     0.000000  0.000000j    -0.002721  0.000000j    -0.007891  0.000000j     0.004626  0.000000j     0.000000  0.000000j    
 0.000544  0.000000j     0.001905  0.000000j    -0.000816  0.000000j    -0.000000  0.000000j     0.008163  0.000000j     0.023402  0.000000j    -0.014694  0.000000j    -0.000000  0.000000j    
-0.000272  0.000000j    -0.000816  0.000000j     0.000272  0.000000j     0.000000  0.000000j    -0.004626  0.000000j    -0.014422  0.000000j     0.006803  0.000000j     0.000000  0.000000j    
 0.000000  0.000000j     0.000000  0.000000j    -0.000000  0.000000j    -0.000000  0.000000j     0.000000  0.000000j     0.000000  0.000000j    -0.000000  0.000000j    -0.001905  0.000000j    
&
-4.416138  0.000000j    -5.392211  0.000000j     2.765222  0.000000j    -0.000000  0.000000j    -10.919935  0.000000j    -3.807419  0.000000j     6.595499  0.000000j     0.000000  0.000000j    
 5.090709  0.000000j     3.761432  0.000000j    -3.389180  0.000000j     0.000000  0.000000j     6.609377  0.000000j    -3.591361  0.000000j    -4.495051  0.000000j     0.000000  0.000000j    
-3.287137  0.000000j    -4.397362  0.000000j    -0.734436  0.000000j    -0.000000  0.000000j    -11.446203  0.000000j    -4.493418  0.000000j     1.596493  0.000000j     0.000000  0.000000j    
-0.000000  0.000000j    -0.000000  0.000000j     0.000000  0.000000j    -1.661528  0.000000j    -0.000000  0.000000j     0.000000  0.000000j     0.000000  0.000000j    -4.690973  0.000000j    
-0.295516  0.000000j    -0.676748  0.000000j     0.228304  0.000000j    -0.000000  0.000000j    -1.548873  0.000000j    -2.303173  0.000000j     1.317576  0.000000j     0.000000  0.000000j    
 0.546949  0.000000j     1.072946  0.000000j    -0.408987  0.000000j     0.000000  0.000000j     2.292560  0.000000j     2.173375  0.000000j    -1.750509  0.000000j    -0.000000  0.000000j    
-0.194562  0.000000j    -0.429940  0.000000j    -0.029660  0.000000j    -0.000000  0.000000j    -1.335808  0.000000j    -1.728740  0.000000j     0.164629  0.000000j     0.000000  0.000000j    
-0.000000  0.000000j     0.000000  0.000000j     0.000000  0.000000j    -0.136057  0.000000j     0.000000  0.000000j     0.000000  0.000000j    -0.000000  0.000000j    -0.717293  0.000000j    
&
-17.357880  0.000000j     0.002993  0.000000j    -0.000000  0.000000j    -0.000000  0.000000j    -10.919118  0.000000j     7.614022  0.000000j     0.000000  0.000000j     0.000000  0.000000j    
 0.002993  0.000000j    -14.547759  0.000000j     0.000000  0.000000j    -0.000000  0.000000j    -13.216577  0.000000j     4.190011  0.000000j     0.000000  0.000000j     0.000000  0.000000j    
-0.000000  0.000000j     0.000000  0.000000j    -14.542861  0.000000j    -0.000000  0.000000j     0.000000  0.000000j     0.000000  0.000000j    -6.185695  0.000000j     0.000000  0.000000j    
-0.000000  0.000000j    -0.000000  0.000000j    -0.000000  0.000000j    -6.704345  0.000000j     0.000000  0.000000j     0.000000  0.000000j     0.000000  0.000000j    -4.690701  0.000000j    
-10.919118  0.000000j    -13.216577  0.000000j     0.000000  0.000000j     0.000000  0.000000j    -23.052138  0.000000j    -0.002177  0.000000j     0.000000  0.000000j     0.000000  0.000000j    
 7.614022  0.000000j     4.190011  0.000000j     0.000000  0.000000j     0.000000  0.000000j    -0.002177  0.000000j    -13.418486  0.000000j     0.000000  0.000000j     0.000000  0.000000j    
 0.000000  0.000000j     0.000000  0.000000j    -6.185695  0.000000j     0.000000  0.000000j     0.000000  0.000000j     0.000000  0.000000j    -13.415492  0.000000j     0.000000  0.000000j    
 0.000000  0.000000j     0.000000  0.000000j     0.000000  0.000000j    -4.690701  0.000000j     0.000000  0.000000j     0.000000  0.000000j     0.000000  0.000000j    -9.320721  0.000000j    
&
-4.416138  0.000000j     5.090709  0.000000j    -3.287137  0.000000j    -0.000000  0.000000j    -0.295516  0.000000j     0.546949  0.000000j    -0.194562  0.000000j    -0.000000  0.000000j    
-5.392211  0.000000j     3.761432  0.000000j    -4.397362  0.000000j    -0.000000  0.000000j    -0.676748  0.000000j     1.072946  0.000000j    -0.429940  0.000000j     0.000000  0.000000j    
 2.765222  0.000000j    -3.389180  0.000000j    -0.734436  0.000000j     0.000000  0.000000j     0.228304  0.000000j    -0.408987  0.000000j    -0.029660  0.000000j     0.000000  0.000000j    
-0.000000  0.000000j     0.000000  0.000000j    -0.000000  0.000000j    -1.661528  0.000000j    -0.000000  0.000000j     0.000000  0.000000j    -0.000000  0.000000j    -0.136057  0.000000j    
-10.919935  0.000000j     6.609377  0.000000j    -11.446203  0.000000j    -0.000000  0.000000j    -1.548873  0.000000j     2.292560  0.000000j    -1.335808  0.000000j     0.000000  0.000000j    
-3.807419  0.000000j    -3.591361  0.000000j    -4.493418  0.000000j    -0.000000  0.000000j    -2.303173  0.000000j     2.173375  0.000000j    -1.728740  0.000000j     0.000000  0.000000j    
 6.595499  0.000000j    -4.495051  0.000000j     1.596493  0.000000j     0.000000  0.000000j     1.317576  0.000000j    -1.750509  0.000000j     0.164629  0.000000j    -0.000000  0.000000j    
 0.000000  0.000000j     0.000000  0.000000j     0.000000  0.000000j    -4.690973  0.000000j     0.000000  0.000000j    -0.000000  0.000000j     0.000000  0.000000j    -0.717293  0.000000j    
&
-0.072382  0.000000j     0.159187  0.000000j    -0.088709  0.000000j    -0.000000  0.000000j    -0.000272  0.000000j     0.000544  0.000000j    -0.000272  0.000000j     0.000000  0.000000j    
-0.156466  0.000000j     0.314836  0.000000j    -0.200004  0.000000j    -0.000000  0.000000j    -0.000544  0.000000j     0.001905  0.000000j    -0.000816  0.000000j     0.000000  0.000000j    
 0.093607  0.000000j    -0.215242  0.000000j     0.075103  0.000000j    -0.000000  0.000000j     0.000272  0.000000j    -0.000816  0.000000j     0.000272  0.000000j    -0.000000  0.000000j    
-0.000000  0.000000j     0.000000  0.000000j    -0.000000  0.000000j    -0.033470  0.000000j     0.000000  0.000000j    -0.000000  0.000000j     0.000000  0.000000j    -0.000000  0.000000j    
-0.295516  0.000000j     0.536065  0.000000j    -0.472118  0.000000j    -0.000000  0.000000j    -0.002721  0.000000j     0.008163  0.000000j    -0.004626  0.000000j     0.000000  0.000000j    
-0.441913  0.000000j     0.609263  0.000000j    -0.697700  0.000000j     0.000000  0.000000j    -0.007891  0.000000j     0.023402  0.000000j    -0.014422  0.000000j     0.000000  0.000000j    
 0.376334  0.000000j    -0.676748  0.000000j     0.434022  0.000000j     0.000000  0.000000j     0.004626  0.000000j    -0.014694  0.000000j     0.006803  0.000000j    -0.000000  0.000000j    
-0.000000  0.000000j     0.000000  0.000000j    -0.000000  0.000000j    -0.136057  0.000000j     0.000000  0.000000j    -0.000000  0.000000j     0.000000  0.000000j    -0.001905  0.000000j    
&
 0.000000  0.000000j     0.000000  0.000000j     0.000000  0.000000j     0.000000  0.000000j     0.000000  0.000000j     0.000000  0.000000j     0.000000  0.000000j     0.000000  0.000000j    
 0.000000  0.000000j     0.000000  0.000000j     0.000000  0.000000j     0.000000  0.000000j     0.000000  0.000000j     0.000000  0.000000j     0.000000  0.000000j     0.000000  0.000000j    
 0.000000  0.000000j     0.000000  0.000000j     0.000000  0.000000j     0.000000  0.000000j     0.000000  0.000000j     0.000000  0.000000j     0.000000  0.000000j     0.000000  0.000000j    
 0.000000  0.000000j     0.000000  0.000000j     0.000000  0.000000j     0.000000  0.000000j     0.000000  0.000000j     0.000000  0.000000j     0.000000  0.000000j     0.000000  0.000000j    
-0.000272  0.000000j     0.000544  0.000000j    -0.000272  0.000000j    -0.000000  0.000000j     0.000000  0.000000j     0.000000  0.000000j     0.000000  0.000000j     0.000000  0.000000j    
-0.000544  0.000000j     0.001633  0.000000j    -0.001088  0.000000j    -0.000000  0.000000j     0.000000  0.000000j     0.000000  0.000000j     0.000000  0.000000j     0.000000  0.000000j    
 0.000544  0.000000j    -0.001088  0.000000j     0.000816  0.000000j     0.000000  0.000000j     0.000000  0.000000j     0.000000  0.000000j     0.000000  0.000000j     0.000000  0.000000j    
-0.000000  0.000000j     0.000000  0.000000j    -0.000000  0.000000j    -0.000000  0.000000j     0.000000  0.000000j     0.000000  0.000000j     0.000000  0.000000j     0.000000  0.000000j    
&
-0.000816  0.000000j    -0.001633  0.000000j     0.001905  0.000000j     0.000000  0.000000j    -0.001361  0.000000j    -0.002721  0.000000j     0.004626  0.000000j    -0.000000  0.000000j    
 0.001633  0.000000j     0.003265  0.000000j    -0.004354  0.000000j    -0.000000  0.000000j     0.002449  0.000000j     0.003537  0.000000j    -0.007619  0.000000j     0.000000  0.000000j    
-0.001905  0.000000j    -0.004082  0.000000j     0.004626  0.000000j     0.000000  0.000000j    -0.004082  0.000000j    -0.007619  0.000000j     0.012245  0.000000j    -0.000000  0.000000j    
 0.000000  0.000000j     0.000000  0.000000j    -0.000000  0.000000j    -0.000272  0.000000j    -0.000000  0.000000j    -0.000000  0.000000j     0.000000  0.000000j    -0.000816  0.000000j    
 0.000000  0.000000j     0.000000  0.000000j     0.000000  0.000000j     0.000000  0.000000j     0.000000  0.000000j     0.000000  0.000000j     0.000000  0.000000j     0.000000  0.000000j    
 0.000000  0.000000j     0.000000  0.000000j     0.000000  0.000000j     0.000000  0.000000j     0.000000  0.000000j     0.000000  0.000000j     0.000000  0.000000j     0.000000  0.000000j    
 0.000000  0.000000j     0.000000  0.000000j     0.000000  0.000000j     0.000000  0.000000j     0.000000  0.000000j     0.000000  0.000000j     0.000000  0.000000j     0.000000  0.000000j    
 0.000000  0.000000j     0.000000  0.000000j     0.000000  0.000000j     0.000000  0.000000j     0.000000  0.000000j     0.000000  0.000000j     0.000000  0.000000j     0.000000  0.000000j    
&
-0.293883  0.000000j    -0.334700  0.000000j     0.579603  0.000000j    -0.000000  0.000000j    -0.295516  0.000000j    -0.105036  0.000000j     0.570895  0.000000j    -0.000000  0.000000j    
 0.314836  0.000000j     0.199460  0.000000j    -0.637835  0.000000j     0.000000  0.000000j     0.140683  0.000000j    -0.117281  0.000000j    -0.278101  0.000000j     0.000000  0.000000j    
-0.545316  0.000000j    -0.637835  0.000000j     0.935800  0.000000j    -0.000000  0.000000j    -0.700149  0.000000j    -0.257420  0.000000j     1.160838  0.000000j    -0.000000  0.000000j    
 0.000000  0.000000j     0.000000  0.000000j    -0.000000  0.000000j    -0.120274  0.000000j    -0.000000  0.000000j    -0.000000  0.000000j    -0.000000  0.000000j    -0.136057  0.000000j    
-0.009796  0.000000j    -0.019864  0.000000j     0.021769  0.000000j     0.000000  0.000000j    -0.018504  0.000000j    -0.028028  0.000000j     0.048708  0.000000j    -0.000000  0.000000j    
 0.021497  0.000000j     0.039457  0.000000j    -0.049253  0.000000j    -0.000000  0.000000j     0.026123  0.000000j     0.025034  0.000000j    -0.072110  0.000000j    -0.000000  0.000000j    
-0.021225  0.000000j    -0.044355  0.000000j     0.042994  0.000000j     0.000000  0.000000j    -0.045171  0.000000j    -0.072110  0.000000j     0.108301  0.000000j    -0.000000  0.000000j    
 0.000000  0.000000j     0.000000  0.000000j    -0.000000  0.000000j    -0.005170  0.000000j    -0.000000  0.000000j    -0.000000  0.000000j     0.000000  0.000000j    -0.012517  0.000000j    
&
-4.415866  0.000000j     0.301774  0.000000j     6.052087  0.000000j    -0.000000  0.000000j    -1.614180  0.000000j     1.081653  0.000000j     1.874049  0.000000j    -0.000000  0.000000j    
 0.301774  0.000000j    -2.982369  0.000000j    -0.504771  0.000000j    -0.000000  0.000000j    -1.602207  0.000000j     0.051974  0.000000j     1.825885  0.000000j    -0.000000  0.000000j    
-6.052087  0.000000j     0.504771  0.000000j     6.008549  0.000000j    -0.000000  0.000000j    -2.775019  0.000000j     1.825613  0.000000j     2.160313  0.000000j    -0.000000  0.000000j    
-0.000000  0.000000j    -0.000000  0.000000j     0.000000  0.000000j    -1.661528  0.000000j    -0.000000  0.000000j     0.000000  0.000000j     0.000000  0.000000j    -0.643550  0.000000j    
-1.614180  0.000000j    -1.602207  0.000000j     2.775019  0.000000j     0.000000  0.000000j    -1.548873  0.000000j     0.010340  0.000000j     2.653656  0.000000j     0.000000  0.000000j    
 1.081653  0.000000j     0.051974  0.000000j    -1.825613  0.000000j     0.000000  0.000000j     0.010340  0.000000j    -0.839472  0.000000j     0.010885  0.000000j     0.000000  0.000000j    
-1.874049  0.000000j    -1.825885  0.000000j     2.160313  0.000000j    -0.000000  0.000000j    -2.653656  0.000000j    -0.010885  0.000000j     3.178564  0.000000j    -0.000000  0.000000j    
 0.000000  0.000000j     0.000000  0.000000j    -0.000000  0.000000j    -0.643550  0.000000j     0.000000  0.000000j     0.000000  0.000000j    -0.000000  0.000000j    -0.717565  0.000000j    
&
-4.416138  0.000000j     5.090709  0.000000j     3.287137  0.000000j     0.000000  0.000000j    -0.295516  0.000000j     0.546949  0.000000j     0.194562  0.000000j    -0.000000  0.000000j    
-5.392211  0.000000j     3.761432  0.000000j     4.397362  0.000000j     0.000000  0.000000j    -0.676748  0.000000j     1.072946  0.000000j     0.429940  0.000000j    -0.000000  0.000000j    
-2.765222  0.000000j     3.389180  0.000000j    -0.734436  0.000000j    -0.000000  0.000000j    -0.228304  0.000000j     0.408987  0.000000j    -0.029660  0.000000j    -0.000000  0.000000j    
 0.000000  0.000000j     0.000000  0.000000j    -0.000000  0.000000j    -1.661528  0.000000j    -0.000000  0.000000j    -0.000000  0.000000j    -0.000000  0.000000j    -0.136057  0.000000j    
-10.919935  0.000000j     6.609377  0.000000j     11.446203  0.000000j     0.000000  0.000000j    -1.548873  0.000000j     2.292560  0.000000j     1.335808  0.000000j     0.000000  0.000000j    
