# dimension
2
# norbitals
4 4
# bravaislattice
 2.16506000     1.25000000     0.00000000
 2.16506000    -1.25000000     0.00000000
# motif
 0.00000000     0.00000000     0.00000000     0.00000000
 1.44337600     0.00000000     0.00000000     1.00000000
# bravaisvectors
-6.49518000    -6.49518000     0.00000000
-5.24518000    -7.74518000     0.00000000
-3.99518000    -8.99518000     0.00000000
-5.58012000    -3.08012000     0.00000000
-4.33012000    -4.33012000     0.00000000
-3.08012000    -5.58012000     0.00000000
-1.83012000    -6.83012000     0.00000000
-0.58012000    -8.08012000     0.00000000
-4.66506000     0.33494000     0.00000000
-3.41506000    -0.91506000     0.00000000
-2.16506000    -2.16506000     0.00000000
-0.91506000    -3.41506000     0.00000000
 0.33494000    -4.66506000     0.00000000
 1.58494000    -5.91506000     0.00000000
-3.75000000     3.75000000     0.00000000
-2.50000000     2.50000000     0.00000000
-1.25000000     1.25000000     0.00000000
 0.00000000     0.00000000     0.00000000
 1.25000000    -1.25000000     0.00000000
 2.50000000    -2.50000000     0.00000000
 3.75000000    -3.75000000     0.00000000
-1.58494000     5.91506000     0.00000000
-0.33494000     4.66506000     0.00000000
 0.91506000     3.41506000     0.00000000
 2.16506000     2.16506000     0.00000000
 3.41506000     0.91506000     0.00000000
 4.66506000    -0.33494000     0.00000000
 0.58012000     8.08012000     0.00000000
 1.83012000     6.83012000     0.00000000
 3.08012000     5.58012000     0.00000000
 4.33012000     4.33012000     0.00000000
 5.58012000     3.08012000     0.00000000
 3.99518000     8.99518000     0.00000000
 5.24518000     7.74518000     0.00000000
 6.49518000     6.49518000     0.00000000
# hamiltonian
 0.00000000  0.00000000j     0.00000000  0.00000000j     0.00000000  0.00000000j     0.00000000  0.00000000j    -0.00027211 -0.00000000j    -0.00054423 -0.00000000j    -0.00054423 -0.00000000j     0.00000000  0.00000000j    
 0.00000000  0.00000000j     0.00000000  0.00000000j     0.00000000  0.00000000j     0.00000000  0.00000000j     0.00054423  0.00000000j     0.00163268  0.00000000j     0.00108846  0.00000000j     0.00000000  0.00000000j    
 0.00000000  0.00000000j     0.00000000  0.00000000j     0.00000000  0.00000000j     0.00000000  0.00000000j     0.00027211  0.00000000j     0.00108846  0.00000000j     0.00081634  0.00000000j     0.00000000  0.00000000j    
 0.00000000  0.00000000j     0.00000000  0.00000000j     0.00000000  0.00000000j     0.00000000  0.00000000j     0.00000000  0.00000000j     0.00000000  0.00000000j     0.00000000  0.00000000j     0.00000000  0.00000000j    
 0.00000000  0.00000000j     0.00000000  0.00000000j     0.00000000  0.00000000j     0.00000000  0.00000000j     0.00000000  0.00000000j     0.00000000  0.00000000j     0.00000000  0.00000000j     0.00000000  0.00000000j    
 0.00000000  0.00000000j     0.00000000  0.00000000j     0.00000000  0.00000000j     0.00000000  0.00000000j     0.00000000  0.00000000j     0.00000000  0.00000000j     0.00000000  0.00000000j     0.00000000  0.00000000j    
 0.00000000  0.00000000j     0.00000000  0.00000000j     0.00000000  0.00000000j     0.00000000  0.00000000j     0.00000000  0.00000000j     0.00000000  0.00000000j     0.00000000  0.00000000j     0.00000000  0.00000000j    
 0.00000000  0.00000000j     0.00000000  0.00000000j     0.00000000  0.00000000j     0.00000000  0.00000000j     0.00000000  0.00000000j     0.00000000  0.00000000j     0.00000000  0.00000000j     0.00000000  0.00000000j    
&
-0.00081634 -0.00000000j    -0.00163268 -0.00000000j    -0.00190480 -0.00000000j     0.00000000  0.00000000j    -0.00136057 -0.00000000j    -0.00272114 -0.00000000j    -0.00462594 -0.00000000j     0.00000000  0.00000000j    
 0.00163268  0.00000000j     0.00326537  0.00000000j     0.00435383  0.00000000j     0.00000000  0.00000000j     0.00244903  0.00000000j     0.00353748  0.00000000j     0.00761919  0.00000000j     0.00000000  0.00000000j    
 0.00190480  0.00000000j     0.00408171  0.00000000j     0.00462594  0.00000000j     0.00000000  0.00000000j     0.00408171  0.00000000j     0.00761919  0.00000000j     0.01224513  0.00000000j     0.00000000  0.00000000j    
 0.00000000  0.00000000j     0.00000000  0.00000000j     0.00000000  0.00000000j    -0.00027211 -0.00000000j     0.00000000  0.00000000j     0.00000000  0.00000000j     0.00000000  0.00000000j    -0.00081634 -0.00000000j    
 0.00000000  0.00000000j     0.00000000  0.00000000j     0.00000000  0.00000000j     0.00000000  0.00000000j     0.00000000  0.00000000j     0.00000000  0.00000000j     0.00000000  0.00000000j     0.00000000  0.00000000j    
 0.00000000  0.00000000j     0.00000000  0.00000000j     0.00000000  0.00000000j     0.00000000  0.00000000j     0.00000000  0.00000000j     0.00000000  0.00000000j     0.00000000  0.00000000j     0.00000000  0.00000000j    
 0.00000000  0.00000000j     0.00000000  0.00000000j     0.00000000  0.00000000j     0.00000000  0.00000000j     0.00000000  0.00000000j     0.00000000  0.00000000j     0.00000000  0.00000000j     0.00000000  0.00000000j    
 0.00000000  0.00000000j     0.00000000  0.00000000j     0.00000000  0.00000000j     0.00000000  0.00000000j     0.00000000  0.00000000j     0.00000000  0.00000000j     0.00000000  0.00000000j     0.00000000  0.00000000j    
&
-0.00081634 -0.00000000j    -0.00081634 -0.00000000j    -0.00244903 -0.00000000j     0.00000000  0.00000000j    -0.00027211 -0.00000000j     0.00000000  0.00000000j    -0.00081634 -0.00000000j     0.00000000  0.00000000j    
 0.00081634  0.00000000j     0.00054423  0.00000000j     0.00244903  0.00000000j     0.00000000  0.00000000j     0.00000000  0.00000000j     0.00000000  0.00000000j     0.00027211  0.00000000j     0.00000000  0.00000000j    
 0.00244903  0.00000000j     0.00272114  0.00000000j     0.00734708  0.00000000j     0.00000000  0.00000000j     0.00054423  0.00000000j     0.00027211  0.00000000j     0.00244903  0.00000000j     0.00000000  0.00000000j    
 0.00000000  0.00000000j     0.00000000  0.00000000j     0.00000000  0.00000000j    -0.00027211 -0.00000000j     0.00000000  0.00000000j     0.00000000  0.00000000j     0.00000000  0.00000000j     0.00000000  0.00000000j    
 0.00000000  0.00000000j     0.00000000  0.00000000j     0.00000000  0.00000000j     0.00000000  0.00000000j     0.00000000  0.00000000j     0.00000000  0.00000000j     0.00000000  0.00000000j     0.00000000  0.00000000j    
 0.00000000  0.00000000j     0.00000000  0.00000000j     0.00000000  0.00000000j     0.00000000  0.00000000j     0.00000000  0.00000000j     0.00000000  0.00000000j     0.00000000  0.00000000j     0.00000000  0.00000000j    
 0.00000000  0.00000000j     0.00000000  0.00000000j     0.00000000  0.00000000j     0.00000000  0.00000000j     0.00000000  0.00000000j     0.00000000  0.00000000j     0.00000000  0.00000000j     0.00000000  0.00000000j    
 0.00000000  0.00000000j     0.00000000  0.00000000j     0.00000000  0.00000000j     0.00000000  0.00000000j     0.00000000  0.00000000j     0.00000000  0.00000000j     0.00000000  0.00000000j     0.00000000  0.00000000j    
&
-0.00081634 -0.00000000j    -0.00244903 -0.00000000j    -0.00054423 -0.00000000j     0.00000000  0.00000000j    -0.00979611 -0.00000000j    -0.02911621 -0.00000000j    -0.00816342 -0.00000000j     0.00000000  0.00000000j    
 0.00244903  0.00000000j     0.00789131  0.00000000j     0.00163268  0.00000000j     0.00000000  0.00000000j     0.02884409  0.00000000j     0.08272268  0.00000000j     0.02421815  0.00000000j     0.00000000  0.00000000j    
 0.00054423  0.00000000j     0.00136057  0.00000000j     0.00000000  0.00000000j     0.00000000  0.00000000j     0.00653074  0.00000000j     0.01932010  0.00000000j    -0.00027211 -0.00000000j     0.00000000  0.00000000j    
 0.00000000  0.00000000j     0.00000000  0.00000000j     0.00000000  0.00000000j    -0.00027211 -0.00000000j     0.00000000  0.00000000j     0.00000000  0.00000000j     0.00000000  0.00000000j    -0.00517017 -0.00000000j    
 0.00000000  0.00000000j     0.00000000  0.00000000j     0.00000000  0.00000000j     0.00000000  0.00000000j     0.00000000  0.00000000j     0.00000000  0.00000000j     0.00000000  0.00000000j     0.00000000  0.00000000j    
 0.00000000  0.00000000j     0.00000000  0.00000000j     0.00000000  0.00000000j     0.00000000  0.00000000j     0.00000000  0.00000000j     0.00000000  0.00000000j     0.00000000  0.00000000j     0.00000000  0.00000000j    
 0.00000000  0.00000000j     0.00000000  0.00000000j     0.00000000  0.00000000j     0.00000000  0.00000000j     0.00000000  0.00000000j     0.00000000  0.00000000j     0.00000000  0.00000000j     0.00000000  0.00000000j    
 0.00000000  0.00000000j     0.00000000  0.00000000j     0.00000000  0.00000000j     0.00000000  0.00000000j     0.00000000  0.00000000j     0.00000000  0.00000000j     0.00000000  0.00000000j     0.00000000  0.00000000j    
&
-0.07238235 -0.00000000j    -0.15646560 -0.00000000j    -0.09360724 -0.00000000j     0.00000000  0.00000000j    -0.29551589 -0.00000000j    -0.44191327 -0.00000000j    -0.37633377 -0.00000000j     0.00000000  0.00000000j    
 0.15918674  0.00000000j     0.31483599  0.00000000j     0.21524224  0.00000000j     0.00000000  0.00000000j     0.53606474  0.00000000j     0.60926342  0.00000000j     0.67674772  0.00000000j     0.00000000  0.00000000j    
 0.08870919  0.00000000j     0.20000385  0.00000000j     0.07510349  0.00000000j     0.00000000  0.00000000j     0.47211793  0.00000000j     0.69770050  0.00000000j     0.43402196  0.00000000j     0.00000000  0.00000000j    
 0.00000000  0.00000000j     0.00000000  0.00000000j     0.00000000  0.00000000j    -0.03347003 -0.00000000j     0.00000000  0.00000000j     0.00000000  0.00000000j     0.00000000  0.00000000j    -0.13605704 -0.00000000j    
-0.00027211 -0.00000000j    -0.00054423 -0.00000000j    -0.00027211 -0.00000000j     0.00000000  0.00000000j    -0.00272114 -0.00000000j    -0.00789131 -0.00000000j    -0.00462594 -0.00000000j     0.00000000  0.00000000j    
 0.00054423  0.00000000j     0.00190480  0.00000000j     0.00081634  0.00000000j     0.00000000  0.00000000j     0.00816342  0.00000000j     0.02340181  0.00000000j     0.01469416  0.00000000j     0.00000000  0.00000000j    
 0.00027211  0.00000000j     0.00081634  0.00000000j     0.00027211  0.00000000j     0.00000000  0.00000000j     0.00462594  0.00000000j     0.01442205  0.00000000j     0.00680285  0.00000000j     0.00000000  0.00000000j    
 0.00000000  0.00000000j     0.00000000  0.00000000j     0.00000000  0.00000000j     0.00000000  0.00000000j     0.00000000  0.00000000j     0.00000000  0.00000000j     0.00000000  0.00000000j    -0.00190480 -0.00000000j    
&
-0.29388321 -0.00000000j    -0.33470032 -0.00000000j    -0.57960299 -0.00000000j     0.00000000  0.00000000j    -0.29551589 -0.00000000j    -0.10503603 -0.00000000j    -0.57089534 -0.00000000j     0.00000000  0.00000000j    
 0.31483599  0.00000000j     0.19945962  0.00000000j     0.63783540  0.00000000j     0.00000000  0.00000000j     0.14068298  0.00000000j    -0.11728117 -0.00000000j     0.27810059  0.00000000j     0.00000000  0.00000000j    
 0.54531662  0.00000000j     0.63783540  0.00000000j     0.93580032  0.00000000j     0.00000000  0.00000000j     0.70014953  0.00000000j     0.25741992  0.00000000j     1.16083866  0.00000000j     0.00000000  0.00000000j    
 0.00000000  0.00000000j     0.00000000  0.00000000j     0.00000000  0.00000000j    -0.12027442 -0.00000000j     0.00000000  0.00000000j     0.00000000  0.00000000j     0.00000000  0.00000000j    -0.13605704 -0.00000000j    
-0.00979611 -0.00000000j    -0.01986433 -0.00000000j    -0.02176913 -0.00000000j     0.00000000  0.00000000j    -0.01850376 -0.00000000j    -0.02802775 -0.00000000j    -0.04870842 -0.00000000j     0.00000000  0.00000000j    
 0.02149701  0.00000000j     0.03945654  0.00000000j     0.04925265  0.00000000j     0.00000000  0.00000000j     0.02612295  0.00000000j     0.02503450  0.00000000j     0.07211023  0.00000000j     0.00000000  0.00000000j    
 0.02122490  0.00000000j     0.04435459  0.00000000j     0.04299402  0.00000000j     0.00000000  0.00000000j     0.04517094  0.00000000j     0.07211023  0.00000000j     0.10830140  0.00000000j     0.00000000  0.00000000j    
 0.00000000  0.00000000j     0.00000000  0.00000000j     0.00000000  0.00000000j    -0.00517017 -0.00000000j     0.00000000  0.00000000j     0.00000000  0.00000000j     0.00000000  0.00000000j    -0.01251725 -0.00000000j    
&
-0.07238235 -0.00000000j    -0.00272114 -0.00000000j    -0.18231643 -0.00000000j     0.00000000  0.00000000j    -0.00979611 -0.00000000j     0.00761919  0.00000000j    -0.02938832 -0.00000000j     0.00000000  0.00000000j    
-0.00272114 -0.00000000j    -0.04462671 -0.00000000j    -0.00761919 -0.00000000j     0.00000000  0.00000000j    -0.00870765 -0.00000000j     0.00163268  0.00000000j    -0.02748352 -0.00000000j     0.00000000  0.00000000j    
 0.18231643  0.00000000j     0.00761919  0.00000000j     0.43483830  0.00000000j     0.00000000  0.00000000j     0.02802775  0.00000000j    -0.02258547 -0.00000000j     0.08081788  0.00000000j     0.00000000  0.00000000j    
 0.00000000  0.00000000j     0.00000000  0.00000000j     0.00000000  0.00000000j    -0.03347003 -0.00000000j     0.00000000  0.00000000j     0.00000000  0.00000000j     0.00000000  0.00000000j    -0.00517017 -0.00000000j    
-0.00979611 -0.00000000j    -0.00870765 -0.00000000j    -0.02802775 -0.00000000j     0.00000000  0.00000000j    -0.00272114 -0.00000000j     0.00000000  0.00000000j    -0.00925188 -0.00000000j     0.00000000  0.00000000j    
 0.00761919  0.00000000j     0.00163268  0.00000000j     0.02258547  0.00000000j     0.00000000  0.00000000j     0.00000000  0.00000000j    -0.00163268 -0.00000000j    -0.00027211 -0.00000000j     0.00000000  0.00000000j    
 0.02938832  0.00000000j     0.02748352  0.00000000j     0.08081788  0.00000000j     0.00000000  0.00000000j     0.00925188  0.00000000j     0.00027211  0.00000000j     0.03183735  0.00000000j     0.00000000  0.00000000j    
 0.00000000  0.00000000j     0.00000000  0.00000000j     0.00000000  0.00000000j    -0.00517017 -0.00000000j     0.00000000  0.00000000j     0.00000000  0.00000000j     0.00000000  0.00000000j    -0.00190480 -0.00000000j    
&
-0.00081634 -0.00000000j     0.00081634  0.00000000j    -0.00244903 -0.00000000j     0.00000000  0.00000000j     0.00000000  0.00000000j     0.00000000  0.00000000j     0.00000000  0.00000000j     0.00000000  0.00000000j    
-0.00081634 -0.00000000j     0.00054423  0.00000000j    -0.00272114 -0.00000000j     0.00000000  0.00000000j     0.00000000  0.00000000j     0.00000000  0.00000000j     0.00000000  0.00000000j     0.00000000  0.00000000j    
 0.00244903  0.00000000j    -0.00244903 -0.00000000j     0.00734708  0.00000000j     0.00000000  0.00000000j     0.00000000  0.00000000j     0.00000000  0.00000000j     0.00000000  0.00000000j     0.00000000  0.00000000j    
 0.00000000  0.00000000j     0.00000000  0.00000000j     0.00000000  0.00000000j    -0.00027211 -0.00000000j     0.00000000  0.00000000j     0.00000000  0.00000000j     0.00000000  0.00000000j     0.00000000  0.00000000j    
-0.00027211 -0.00000000j     0.00000000  0.00000000j    -0.00054423 -0.00000000j     0.00000000  0.00000000j     0.00000000  0.00000000j     0.00000000  0.00000000j     0.00000000  0.00000000j     0.00000000  0.00000000j    
 0.00000000  0.00000000j     0.00000000  0.00000000j    -0.00027211 -0.00000000j     0.00000000  0.00000000j     0.00000000  0.00000000j     0.00000000  0.00000000j     0.00000000  0.00000000j     0.00000000  0.00000000j    
 0.00081634  0.00000000j    -0.00027211 -0.00000000j     0.00244903  0.00000000j     0.00000000  0.00000000j     0.00000000  0.00000000j     0.00000000  0.00000000j     0.00000000  0.00000000j     0.00000000  0.00000000j    
 0.00000000  0.00000000j     0.00000000  0.00000000j     0.00000000  0.00000000j     0.00000000  0.00000000j     0.00000000  0.00000000j     0.00000000  0.00000000j     0.00000000  0.00000000j     0.00000000  0.00000000j    
&
-0.00081634 -0.00000000j    -0.00244903 -0.00000000j     0.00054423  0.00000000j     0.00000000  0.00000000j    -0.00979611 -0.00000000j    -0.02911621 -0.00000000j     0.00816342  0.00000000j     0.00000000  0.00000000j    
 0.00244903  0.00000000j     0.00789131  0.00000000j    -0.00163268 -0.00000000j     0.00000000  0.00000000j     0.02884409  0.00000000j     0.08272268  0.00000000j    -0.02421815 -0.00000000j     0.00000000  0.00000000j    
-0.00054423 -0.00000000j    -0.00136057 -0.00000000j     0.00000000  0.00000000j     0.00000000  0.00000000j    -0.00653074 -0.00000000j    -0.01932010 -0.00000000j    -0.00027211 -0.00000000j     0.00000000  0.00000000j    
 0.00000000  0.00000000j     0.00000000  0.00000000j     0.00000000  0.00000000j    -0.00027211 -0.00000000j     0.00000000  0.00000000j     0.00000000  0.00000000j     0.00000000  0.00000000j    -0.00517017 -0.00000000j    
 0.00000000  0.00000000j     0.00000000  0.00000000j     0.00000000  0.00000000j     0.00000000  0.00000000j     0.00000000  0.00000000j     0.00000000  0.00000000j     0.00000000  0.00000000j     0.00000000  0.00000000j    
 0.00000000  0.00000000j     0.00000000  0.00000000j     0.00000000  0.00000000j     0.00000000  0.00000000j     0.00000000  0.00000000j     0.00000000  0.00000000j     0.00000000  0.00000000j     0.00000000  0.00000000j    
 0.00000000  0.00000000j     0.00000000  0.00000000j     0.00000000  0.00000000j     0.00000000  0.00000000j     0.00000000  0.00000000j     0.00000000  0.00000000j     0.00000000  0.00000000j     0.00000000  0.00000000j    
 0.00000000  0.00000000j     0.00000000  0.00000000j     0.00000000  0.00000000j     0.00000000  0.00000000j     0.00000000  0.00000000j     0.00000000  0.00000000j     0.00000000  0.00000000j     0.00000000  0.00000000j    
&
-0.29388321 -0.00000000j    -0.62967198 -0.00000000j     0.00000000  0.00000000j     0.00000000  0.00000000j    -1.61418072 -0.00000000j    -2.16385116 -0.00000000j     0.00000000  0.00000000j     0.00000000  0.00000000j    
 0.66940064  0.00000000j     1.30397067  0.00000000j     0.00000000  0.00000000j     0.00000000  0.00000000j     3.20414329  0.00000000j     3.21448362  0.00000000j     0.00000000  0.00000000j     0.00000000  0.00000000j    
 0.00000000  0.00000000j     0.00000000  0.00000000j    -0.16871073 -0.00000000j     0.00000000  0.00000000j     0.00000000  0.00000000j     0.00000000  0.00000000j    -1.00219615 -0.00000000j     0.00000000  0.00000000j    
 0.00000000  0.00000000j     0.00000000  0.00000000j     0.00000000  0.00000000j    -0.12027442 -0.00000000j     0.00000000  0.00000000j     0.00000000  0.00000000j     0.00000000  0.00000000j    -0.64354980 -0.00000000j    
-0.00136057 -0.00000000j    -0.00462594 -0.00000000j     0.00000000  0.00000000j     0.00000000  0.00000000j    -0.01850376 -0.00000000j    -0.05224590 -0.00000000j     0.00000000  0.00000000j     0.00000000  0.00000000j    
 0.00544228  0.00000000j     0.01687107  0.00000000j     0.00000000  0.00000000j     0.00000000  0.00000000j     0.05605550  0.00000000j     0.14993486  0.00000000j     0.00000000  0.00000000j     0.00000000  0.00000000j    
 0.00000000  0.00000000j     0.00000000  0.00000000j    -0.00081634 -0.00000000j     0.00000000  0.00000000j     0.00000000  0.00000000j     0.00000000  0.00000000j    -0.01659896 -0.00000000j     0.00000000  0.00000000j    
 0.00000000  0.00000000j     0.00000000  0.00000000j     0.00000000  0.00000000j    -0.00081634 -0.00000000j     0.00000000  0.00000000j     0.00000000  0.00000000j     0.00000000  0.00000000j    -0.01251725 -0.00000000j    
&
-4.41613940 -0.00000000j    -5.39221260 -0.00000000j    -2.76522328 -0.00000000j     0.00000000  0.00000000j    -10.91993801 -0.00000000j    -3.80742020 -0.00000000j    -6.59550106 -0.00000000j     0.00000000  0.00000000j    
 5.09071020  0.00000000j     3.76143292  0.00000000j     3.38918086  0.00000000j     0.00000000  0.00000000j     6.60937888  0.00000000j    -3.59136162 -0.00000000j     4.49505248  0.00000000j     0.00000000  0.00000000j    
 3.28713808  0.00000000j     4.39736353  0.00000000j    -0.73443590 -0.00000000j     0.00000000  0.00000000j     11.44620664  0.00000000j     4.49341980  0.00000000j     1.59649330  0.00000000j     0.00000000  0.00000000j    
 0.00000000  0.00000000j     0.00000000  0.00000000j     0.00000000  0.00000000j    -1.66152857 -0.00000000j     0.00000000  0.00000000j     0.00000000  0.00000000j     0.00000000  0.00000000j    -4.69097462 -0.00000000j    
-0.29551589 -0.00000000j    -0.67674772 -0.00000000j    -0.22830371 -0.00000000j     0.00000000  0.00000000j    -1.54887334 -0.00000000j    -2.30317357 -0.00000000j    -1.31757637 -0.00000000j     0.00000000  0.00000000j    
 0.54694930  0.00000000j     1.07294582  0.00000000j     0.40898746  0.00000000j     0.00000000  0.00000000j     2.29256112  0.00000000j     2.17337515  0.00000000j     1.75050987  0.00000000j     0.00000000  0.00000000j    
 0.19456157  0.00000000j     0.42994025  0.00000000j    -0.02966043 -0.00000000j     0.00000000  0.00000000j     1.33580802  0.00000000j     1.72874075  0.00000000j     0.16462902  0.00000000j     0.00000000  0.00000000j    
 0.00000000  0.00000000j     0.00000000  0.00000000j     0.00000000  0.00000000j    -0.13605704 -0.00000000j     0.00000000  0.00000000j     0.00000000  0.00000000j     0.00000000  0.00000000j    -0.71729271 -0.00000000j    
&
-4.41586728 -0.00000000j     0.30177451  0.00000000j    -6.05208924 -0.00000000j     0.00000000  0.00000000j    -1.61418072 -0.00000000j     1.08165347  0.00000000j    -1.87404967 -0.00000000j     0.00000000  0.00000000j    
 0.30177451  0.00000000j    -2.98237031 -0.00000000j     0.50477162  0.00000000j     0.00000000  0.00000000j    -1.60220770 -0.00000000j     0.05197379  0.00000000j    -1.82588547 -0.00000000j     0.00000000  0.00000000j    
 6.05208924  0.00000000j    -0.50477162 -0.00000000j     6.00855099  0.00000000j     0.00000000  0.00000000j     2.77501938  0.00000000j    -1.82561336 -0.00000000j     2.16031368  0.00000000j     0.00000000  0.00000000j    
 0.00000000  0.00000000j     0.00000000  0.00000000j     0.00000000  0.00000000j    -1.66152857 -0.00000000j     0.00000000  0.00000000j     0.00000000  0.00000000j     0.00000000  0.00000000j    -0.64354980 -0.00000000j    
-1.61418072 -0.00000000j    -1.60220770 -0.00000000j    -2.77501938 -0.00000000j     0.00000000  0.00000000j    -1.54887334 -0.00000000j     0.01034034  0.00000000j    -2.65365650 -0.00000000j     0.00000000  0.00000000j    
 1.08165347  0.00000000j     0.05197379  0.00000000j     1.82561336  0.00000000j     0.00000000  0.00000000j     0.01034034  0.00000000j    -0.83947194 -0.00000000j    -0.01088456 -0.00000000j     0.00000000  0.00000000j    
 1.87404967  0.00000000j     1.82588547  0.00000000j     2.16031368  0.00000000j     0.00000000  0.00000000j     2.65365650  0.00000000j     0.01088456  0.00000000j     3.17856456  0.00000000j     0.00000000  0.00000000j    
 0.00000000  0.00000000j     0.00000000  0.00000000j     0.00000000  0.00000000j    -0.64354980 -0.00000000j     0.00000000  0.00000000j     0.00000000  0.00000000j     0.00000000  0.00000000j    -0.71756483 -0.00000000j    
&
-0.29388321 -0.00000000j     0.31483599  0.00000000j    -0.54531662 -0.00000000j     0.00000000  0.00000000j    -0.00979611 -0.00000000j     0.02149701  0.00000000j    -0.02122490 -0.00000000j     0.00000000  0.00000000j    
-0.33470032 -0.00000000j     0.19945962  0.00000000j    -0.63783540 -0.00000000j     0.00000000  0.00000000j    -0.01986433 -0.00000000j     0.03945654  0.00000000j    -0.04435459 -0.00000000j     0.00000000  0.00000000j    
 0.57960299  0.00000000j    -0.63783540 -0.00000000j     0.93580032  0.00000000j     0.00000000  0.00000000j     0.02176913  0.00000000j    -0.04925265 -0.00000000j     0.04299402  0.00000000j     0.00000000  0.00000000j    
 0.00000000  0.00000000j     0.00000000  0.00000000j     0.00000000  0.00000000j    -0.12027442 -0.00000000j     0.00000000  0.00000000j     0.00000000  0.00000000j     0.00000000  0.00000000j    -0.00517017 -0.00000000j    
-0.29551589 -0.00000000j     0.14068298  0.00000000j    -0.70014953 -0.00000000j     0.00000000  0.00000000j    -0.01850376 -0.00000000j     0.02612295  0.00000000j    -0.04517094 -0.00000000j     0.00000000  0.00000000j    
-0.10503603 -0.00000000j    -0.11728117 -0.00000000j    -0.25741992 -0.00000000j     0.00000000  0.00000000j    -0.02802775 -0.00000000j     0.02503450  0.00000000j    -0.07211023 -0.00000000j     0.00000000  0.00000000j    
 0.57089534  0.00000000j    -0.27810059 -0.00000000j     1.16083866  0.00000000j     0.00000000  0.00000000j     0.04870842  0.00000000j    -0.07211023 -0.00000000j     0.10830140  0.00000000j     0.00000000  0.00000000j    
 0.00000000  0.00000000j     0.00000000  0.00000000j     0.00000000  0.00000000j    -0.13605704 -0.00000000j     0.00000000  0.00000000j     0.00000000  0.00000000j     0.00000000  0.00000000j    -0.01251725 -0.00000000j    
&
-0.00081634 -0.00000000j     0.00163268  0.00000000j    -0.00190480 -0.00000000j     0.00000000  0.00000000j     0.00000000  0.00000000j     0.00000000  0.00000000j     0.00000000  0.00000000j     0.00000000  0.00000000j    
-0.00163268 -0.00000000j     0.00326537  0.00000000j    -0.00408171 -0.00000000j     0.00000000  0.00000000j     0.00000000  0.00000000j     0.00000000  0.00000000j     0.00000000  0.00000000j     0.00000000  0.00000000j    
 0.00190480  0.00000000j    -0.00435383 -0.00000000j     0.00462594  0.00000000j     0.00000000  0.00000000j     0.00000000  0.00000000j     0.00000000  0.00000000j     0.00000000  0.00000000j     0.00000000  0.00000000j    
 0.00000000  0.00000000j     0.00000000  0.00000000j     0.00000000  0.00000000j    -0.00027211 -0.00000000j     0.00000000  0.00000000j     0.00000000  0.00000000j     0.00000000  0.00000000j     0.00000000  0.00000000j    
-0.00136057 -0.00000000j     0.00244903  0.00000000j    -0.00408171 -0.00000000j     0.00000000  0.00000000j     0.00000000  0.00000000j     0.00000000  0.00000000j     0.00000000  0.00000000j     0.00000000  0.00000000j    
-0.00272114 -0.00000000j     0.00353748  0.00000000j    -0.00761919 -0.00000000j     0.00000000  0.00000000j     0.00000000  0.00000000j     0.00000000  0.00000000j     0.00000000  0.00000000j     0.00000000  0.00000000j    
 0.00462594  0.00000000j    -0.00761919 -0.00000000j     0.01224513  0.00000000j     0.00000000  0.00000000j     0.00000000  0.00000000j     0.00000000  0.00000000j     0.00000000  0.00000000j     0.00000000  0.00000000j    
 0.00000000  0.00000000j     0.00000000  0.00000000j     0.00000000  0.00000000j    -0.00081634 -0.00000000j     0.00000000  0.00000000j     0.00000000  0.00000000j     0.00000000  0.00000000j     0.00000000  0.00000000j    
&
 0.00000000  0.00000000j     0.00000000  0.00000000j     0.00000000  0.00000000j     0.00000000  0.00000000j    -0.00027211 -0.00000000j    -0.00054423 -0.00000000j     0.00054423  0.00000000j     0.00000000  0.00000000j    
 0.00000000  0.00000000j     0.00000000  0.00000000j     0.00000000  0.00000000j     0.00000000  0.00000000j     0.00054423  0.00000000j     0.00163268  0.00000000j    -0.00108846 -0.00000000j     0.00000000  0.00000000j    
 0.00000000  0.00000000j     0.00000000  0.00000000j     0.00000000  0.00000000j     0.00000000  0.00000000j    -0.00027211 -0.00000000j    -0.00108846 -0.00000000j     0.00081634  0.00000000j     0.00000000  0.00000000j    
 0.00000000  0.00000000j     0.00000000  0.00000000j     0.00000000  0.00000000j     0.00000000  0.00000000j     0.00000000  0.00000000j     0.00000000  0.00000000j     0.00000000  0.00000000j     0.00000000  0.00000000j    
 0.00000000  0.00000000j     0.00000000  0.00000000j     0.00000000  0.00000000j     0.00000000  0.00000000j     0.00000000  0.00000000j     0.00000000  0.00000000j     0.00000000  0.00000000j     0.00000000  0.00000000j    
 0.00000000  0.00000000j     0.00000000  0.00000000j     0.00000000  0.00000000j     0.00000000  0.00000000j     0.00000000  0.00000000j     0.00000000  0.00000000j     0.00000000  0.00000000j     0.00000000  0.00000000j    
 0.00000000  0.00000000j     0.00000000  0.00000000j     0.00000000  0.00000000j     0.00000000  0.00000000j     0.00000000  0.00000000j     0.00000000  0.00000000j     0.00000000  0.00000000j     0.00000000  0.00000000j    
 0.00000000  0.00000000j     0.00000000  0.00000000j     0.00000000  0.00000000j     0.00000000  0.00000000j     0.00000000  0.00000000j     0.00000000  0.00000000j     0.00000000  0.00000000j     0.00000000  0.00000000j    
&
-0.07238235 -0.00000000j    -0.15646560 -0.00000000j     0.09360724  0.00000000j     0.00000000  0.00000000j    -0.29551589 -0.00000000j    -0.44191327 -0.00000000j     0.37633377  0.00000000j     0.00000000  0.00000000j    
 0.15918674  0.00000000j     0.31483599  0.00000000j    -0.21524224 -0.00000000j     0.00000000  0.00000000j     0.53606474  0.00000000j     0.60926342  0.00000000j    -0.67674772 -0.00000000j     0.00000000  0.00000000j    
-0.08870919 -0.00000000j    -0.20000385 -0.00000000j     0.07510349  0.00000000j     0.00000000  0.00000000j    -0.47211793 -0.00000000j    -0.69770050 -0.00000000j     0.43402196  0.00000000j     0.00000000  0.00000000j    
 0.00000000  0.00000000j     0.00000000  0.00000000j     0.00000000  0.00000000j    -0.03347003 -0.00000000j     0.00000000  0.00000000j     0.00000000  0.00000000j     0.00000000  0.00000000j    -0.13605704 -0.00000000j    
-0.00027211 -0.00000000j    -0.00054423 -0.00000000j     0.00027211  0.00000000j     0.00000000  0.00000000j    -0.00272114 -0.00000000j    -0.00789131 -0.00000000j     0.00462594  0.00000000j     0.00000000  0.00000000j    
 0.00054423  0.00000000j     0.00190480  0.00000000j    -0.00081634 -0.00000000j     0.00000000  0.00000000j     0.00816342  0.00000000j     0.02340181  0.00000000j    -0.01469416 -0.00000000j     0.00000000  0.00000000j    
-0.00027211 -0.00000000j    -0.00081634 -0.00000000j     0.00027211  0.00000000j     0.00000000  0.00000000j    -0.00462594 -0.00000000j    -0.01442205 -0.00000000j     0.00680285  0.00000000j     0.00000000  0.00000000j    
 0.00000000  0.00000000j     0.00000000  0.00000000j     0.00000000  0.00000000j     0.00000000  0.00000000j     0.00000000  0.00000000j     0.00000000  0.00000000j     0.00000000  0.00000000j    -0.00190480 -0.00000000j    
&
-4.41613940 -0.00000000j    -5.39221260 -0.00000000j     2.76522328  0.00000000j     0.00000000  0.00000000j    -10.91993801 -0.00000000j    -3.80742020 -0.00000000j     6.59550106  0.00000000j     0.00000000  0.00000000j    
 5.09071020  0.00000000j     3.76143292  0.00000000j    -3.38918086 -0.00000000j     0.00000000  0.00000000j     6.60937888  0.00000000j    -3.59136162 -0.00000000j    -4.49505248 -0.00000000j     0.00000000  0.00000000j    
-3.28713808 -0.00000000j    -4.39736353 -0.00000000j    -0.73443590 -0.00000000j     0.00000000  0.00000000j    -11.44620664 -0.00000000j    -4.49341980 -0.00000000j     1.59649330  0.00000000j     0.00000000  0.00000000j    
 0.00000000  0.00000000j     0.00000000  0.00000000j     0.00000000  0.00000000j    -1.66152857 -0.00000000j     0.00000000  0.00000000j     0.00000000  0.00000000j     0.00000000  0.00000000j    -4.69097462 -0.00000000j    
-0.29551589 -0.00000000j    -0.67674772 -0.00000000j     0.22830371  0.00000000j     0.00000000  0.00000000j    -1.54887334 -0.00000000j    -2.30317357 -0.00000000j     1.31757637  0.00000000j     0.00000000  0.00000000j    
 0.54694930  0.00000000j     1.07294582  0.00000000j    -0.40898746 -0.00000000j     0.00000000  0.00000000j     2.29256112  0.00000000j     2.17337515  0.00000000j    -1.75050987 -0.00000000j     0.00000000  0.00000000j    
-0.19456157 -0.00000000j    -0.42994025 -0.00000000j    -0.02966043 -0.00000000j     0.00000000  0.00000000j    -1.33580802 -0.00000000j    -1.72874075 -0.00000000j     0.16462902  0.00000000j     0.00000000  0.00000000j    
 0.00000000  0.00000000j     0.00000000  0.00000000j     0.00000000  0.00000000j    -0.13605704 -0.00000000j     0.00000000  0.00000000j     0.00000000  0.00000000j     0.00000000  0.00000000j    -0.71729271 -0.00000000j    
&
-17.35788502 -0.00000000j     0.00299325  0.00000000j     0.00000000  0.00000000j     0.00000000  0.00000000j    -10.91912167 -0.00000000j     7.61402406  0.00000000j     0.00000000  0.00000000j     0.00000000  0.00000000j    
 0.00299325  0.00000000j    -14.54776292 -0.00000000j     0.00000000  0.00000000j     0.00000000  0.00000000j    -13.21658084 -0.00000000j     4.19001260  0.00000000j     0.00000000  0.00000000j     0.00000000  0.00000000j    
 0.00000000  0.00000000j     0.00000000  0.00000000j    -14.54286487 -0.00000000j     0.00000000  0.00000000j     0.00000000  0.00000000j     0.00000000  0.00000000j    -6.18569726 -0.00000000j     0.00000000  0.00000000j    
 0.00000000  0.00000000j     0.00000000  0.00000000j     0.00000000  0.00000000j    -6.70434669 -0.00000000j     0.00000000  0.00000000j     0.00000000  0.00000000j     0.00000000  0.00000000j    -4.69070250 -0.00000000j    
-10.91912167 -0.00000000j    -13.21658084 -0.00000000j     0.00000000  0.00000000j     0.00000000  0.00000000j    -23.05214425 -0.00000000j    -0.00217691 -0.00000000j     0.00000000  0.00000000j     0.00000000  0.00000000j    
 7.61402406  0.00000000j     4.19001260  0.00000000j     0.00000000  0.00000000j     0.00000000  0.00000000j    -0.00217691 -0.00000000j    -13.41848949 -0.00000000j     0.00000000  0.00000000j     0.00000000  0.00000000j    
 0.00000000  0.00000000j     0.00000000  0.00000000j    -6.18569726 -0.00000000j     0.00000000  0.00000000j     0.00000000  0.00000000j     0.00000000  0.00000000j    -13.41549623 -0.00000000j     0.00000000  0.00000000j    
 0.00000000  0.00000000j     0.00000000  0.00000000j     0.00000000  0.00000000j    -4.69070250 -0.00000000j     0.00000000  0.00000000j     0.00000000  0.00000000j     0.00000000  0.00000000j    -9.32072357 -0.00000000j    
&
-4.41613940 -0.00000000j     5.09071020  0.00000000j    -3.28713808 -0.00000000j     0.00000000  0.00000000j    -0.29551589 -0.00000000j     0.54694930  0.00000000j    -0.19456157 -0.00000000j     0.00000000  0.00000000j    
-5.39221260 -0.00000000j     3.76143292  0.00000000j    -4.39736353 -0.00000000j     0.00000000  0.00000000j    -0.67674772 -0.00000000j     1.07294582  0.00000000j    -0.42994025 -0.00000000j     0.00000000  0.00000000j    
 2.76522328  0.00000000j    -3.38918086 -0.00000000j    -0.73443590 -0.00000000j     0.00000000  0.00000000j     0.22830371  0.00000000j    -0.40898746 -0.00000000j    -0.02966043 -0.00000000j     0.00000000  0.00000000j    
 0.00000000  0.00000000j     0.00000000  0.00000000j     0.00000000  0.00000000j    -1.66152857 -0.00000000j     0.00000000  0.00000000j     0.00000000  0.00000000j     0.00000000  0.00000000j    -0.13605704 -0.00000000j    
-10.91993801 -0.00000000j     6.60937888  0.00000000j    -11.44620664 -0.00000000j     0.00000000  0.00000000j    -1.54887334 -0.00000000j     2.29256112  0.00000000j    -1.33580802 -0.00000000j     0.00000000  0.00000000j    
-3.80742020 -0.00000000j    -3.59136162 -0.00000000j    -4.49341980 -0.00000000j     0.00000000  0.00000000j    -2.30317357 -0.00000000j     2.17337515  0.00000000j    -1.72874075 -0.00000000j     0.00000000  0.00000000j    
 6.59550106  0.00000000j    -4.49505248 -0.00000000j     1.59649330  0.00000000j     0.00000000  0.00000000j     1.31757637  0.00000000j    -1.75050987 -0.00000000j     0.16462902  0.00000000j     0.00000000  0.00000000j    
 0.00000000  0.00000000j     0.00000000  0.00000000j     0.00000000  0.00000000j    -4.69097462 -0.00000000j     0.00000000  0.00000000j     0.00000000  0.00000000j     0.00000000  0.00000000j    -0.71729271 -0.00000000j    
&
-0.07238235 -0.00000000j     0.15918674  0.00000000j    -0.08870919 -0.00000000j     0.00000000  0.00000000j    -0.00027211 -0.00000000j     0.00054423  0.00000000j    -0.00027211 -0.00000000j     0.00000000  0.00000000j    
-0.15646560 -0.00000000j     0.31483599  0.00000000j    -0.20000385 -0.00000000j     0.00000000  0.00000000j    -0.00054423 -0.00000000j     0.00190480  0.00000000j    -0.00081634 -0.00000000j     0.00000000  0.00000000j    
 0.09360724  0.00000000j    -0.21524224 -0.00000000j     0.07510349  0.00000000j     0.00000000  0.00000000j     0.00027211  0.00000000j    -0.00081634 -0.00000000j     0.00027211  0.00000000j     0.00000000  0.00000000j    
 0.00000000  0.00000000j     0.00000000  0.00000000j     0.00000000  0.00000000j    -0.03347003 -0.00000000j     0.00000000  0.00000000j     0.00000000  0.00000000j     0.00000000  0.00000000j     0.00000000  0.00000000j    
-0.29551589 -0.00000000j     0.53606474  0.00000000j    -0.47211793 -0.00000000j     0.00000000  0.00000000j    -0.00272114 -0.00000000j     0.00816342  0.00000000j    -0.00462594 -0.00000000j     0.00000000  0.00000000j    
-0.44191327 -0.00000000j     0.60926342  0.00000000j    -0.69770050 -0.00000000j     0.00000000  0.00000000j    -0.00789131 -0.00000000j     0.02340181  0.00000000j    -0.01442205 -0.00000000j     0.00000000  0.00000000j    
 0.37633377  0.00000000j    -0.67674772 -0.00000000j     0.43402196  0.00000000j     0.00000000  0.00000000j     0.00462594  0.00000000j    -0.01469416 -0.00000000j     0.00680285  0.00000000j     0.00000000  0.00000000j    
 0.00000000  0.00000000j     0.00000000  0.00000000j     0.00000000  0.00000000j    -0.13605704 -0.00000000j     0.00000000  0.00000000j     0.00000000  0.00000000j     0.00000000  0.00000000j    -0.00190480 -0.00000000j    
&
 0.00000000  0.00000000j     0.00000000  0.00000000j     0.00000000  0.00000000j     0.00000000  0.00000000j     0.00000000  0.00000000j     0.00000000  0.00000000j     0.00000000  0.00000000j     0.00000000  0.00000000j    
 0.00000000  0.00000000j     0.00000000  0.00000000j     0.00000000  0.00000000j     0.00000000  0.00000000j     0.00000000  0.00000000j     0.00000000  0.00000000j     0.00000000  0.00000000j     0.00000000  0.00000000j    
 0.00000000  0.00000000j     0.00000000  0.00000000j     0.00000000  0.00000000j     0.00000000  0.00000000j     0.00000000  0.00000000j     0.00000000  0.00000000j     0.00000000  0.00000000j     0.00000000  0.00000000j    
 0.00000000  0.00000000j     0.00000000  0.00000000j     0.00000000  0.00000000j     0.00000000  0.00000000j     0.00000000  0.00000000j     0.00000000  0.00000000j     0.00000000  0.00000000j     0.00000000  0.00000000j    
-0.00027211 -0.00000000j     0.00054423  0.00000000j    -0.00027211 -0.00000000j     0.00000000  0.00000000j     0.00000000  0.00000000j     0.00000000  0.00000000j     0.00000000  0.00000000j     0.00000000  0.00000000j    
-0.00054423 -0.00000000j     0.00163268  0.00000000j    -0.00108846 -0.00000000j     0.00000000  0.00000000j     0.00000000  0.00000000j     0.00000000  0.00000000j     0.00000000  0.00000000j     0.00000000  0.00000000j    
 0.00054423  0.00000000j    -0.00108846 -0.00000000j     0.00081634  0.00000000j     0.00000000  0.00000000j     0.00000000  0.00000000j     0.00000000  0.00000000j     0.00000000  0.00000000j     0.00000000  0.00000000j    
 0.00000000  0.00000000j     0.00000000  0.00000000j     0.00000000  0.00000000j     0.00000000  0.00000000j     0.00000000  0.00000000j     0.00000000  0.00000000j     0.00000000  0.00000000j     0.00000000  0.00000000j    
&
-0.00081634 -0.00000000j    -0.00163268 -0.00000000j     0.00190480  0.00000000j     0.00000000  0.00000000j    -0.00136057 -0.00000000j    -0.00272114 -0.00000000j     0.00462594  0.00000000j     0.00000000  0.00000000j    
